023002557
023002315
023002741
023002764
023002260
023002782
023002852
023001852
023002002
023002291
023002094
023002161
023002750
023001750
023001431
023002431
023002180
023002113
023002472
023002405
023001405
023002420
023002044
023002181
023002480
023002215
023002929
023002043
023002254
023002090
023002860
023002436
023002970
023002562
023001562
023002646
023002988
023002333
023001333
023002444
023001444
023002082
023002724
023001724
023002375
023002040
023001040
023002309
023002992
023001992
023001513
023001244
023001718
023002718
023002484
023002984
023002370
023002124
023002698
023002503
023002765
023002384
023001384
023002467
023002757
023001757
023001164
023002164
023001141
023002141
023002192
023002324
023001324
023002218
023002704